start=14.350000
volume=78.000000
