start=1389.040000
volume=48.000000
