start=2075.560000
volume=38.000000
panscan=0.100000
