start=1229.578513
volume=90.000000
