start=52.160000
volume=54.000000
