start=14.556000
volume=102.000000
saturation=6
